THREE-TIER SUPPORT ROUTER - threshold search
============================================================================================
selection: max balanced accuracy (mean of 3 per-tier recalls) on calib,
           subject to cheap recall >= 80% and every tier
           holding at least 40 gold rows

=== regression quality (independent of thresholds) ===
model                     MAE_calib  MAE_test  Spearman
--------------------------------------------------------------------------------------------
L2 single                     0.998     0.759     0.855
L1 single                     0.956     0.691     0.854
L1 pair                       0.955     0.689     0.855
L1 pair more trees            0.951     0.688     0.856

=== three-tier grid, L1 pair more trees, CALIB batches ===
 cheap<= front>=  c_rec  m_rec  f_rec  bal_acc  tier_acc  pred_c%  pred_m%  pred_f%  under
--------------------------------------------------------------------------------------------
     1.0     4.5  0.176  0.847  0.723    0.582     0.584      7.2     62.4     30.4    239
     1.0     5.0  0.176  0.902  0.646    0.575     0.578      7.2     67.2     25.6    305
     1.0     5.5  0.176  0.893  0.599    0.556     0.583      7.2     73.1     19.7    260
     1.0     6.0  0.176  0.946  0.327    0.483     0.538      7.2     82.6     10.2    436
     1.0     6.5  0.176  0.962  0.116    0.418     0.638      7.2     90.8      2.0    175
     1.0     7.0  0.176  0.975  0.030    0.394     0.640      7.2     92.4      0.4    192
     1.0     7.5  0.176  0.979  0.000    0.385     0.702      7.2     92.8      0.0     31
     1.5     4.5  0.742  0.664  0.723    0.710     0.709     33.8     35.8     30.4    239
     1.5     5.0  0.742  0.719  0.646    0.703     0.703     33.8     40.6     25.6    305
     1.5     5.5  0.742  0.738  0.599    0.693     0.705     33.8     46.4     19.7    260
     1.5     6.0  0.742  0.791  0.327    0.620     0.659     33.8     56.0     10.2    436
     1.5     6.5  0.742  0.831  0.116    0.563     0.747     33.8     64.2      2.0    175
     1.5     7.0  0.742  0.845  0.030    0.539     0.749     33.8     65.7      0.4    192
     1.5     7.5  0.742  0.858  0.000    0.533     0.810     33.8     66.2      0.0     31
     2.0     4.5  0.808  0.692  0.723    0.741     0.760     45.4     24.2     30.4    239
     2.0     5.0  0.808  0.785  0.646    0.746     0.750     45.4     29.0     25.6    305
     2.0     5.5  0.808  0.784  0.599    0.730     0.750     45.4     34.8     19.7    260
     2.0     6.0  0.808  0.852  0.327    0.662     0.699     45.4     44.4     10.2    436
     2.0     6.5  0.808  0.866  0.116    0.597     0.780     45.4     52.6      2.0    175
     2.0     7.0  0.808  0.883  0.030    0.574     0.781     45.4     54.2      0.4    192
     2.0     7.5  0.808  0.895  0.000    0.568     0.841     45.4     54.6      0.0     31
     2.5     4.5  0.844  0.550  0.723    0.706     0.754     50.1     19.5     30.4    239
     2.5     5.0  0.844  0.643  0.646    0.711     0.744     50.1     24.3     25.6    305
     2.5     5.5  0.844  0.681  0.599    0.708     0.742     50.1     30.2     19.7    260
     2.5     6.0  0.844  0.750  0.327    0.640     0.692     50.1     39.7     10.2    436
     2.5     6.5  0.844  0.801  0.116    0.587     0.770     50.1     47.9      2.0    175
     2.5     7.0  0.844  0.818  0.030    0.564     0.771     50.1     49.5      0.4    192
     2.5     7.5  0.844  0.836  0.000    0.560     0.830     50.1     49.9      0.0     31
     3.0     4.5  0.826  0.505  0.723    0.685     0.768     54.9     14.7     30.4    239
     3.0     5.0  0.826  0.639  0.646    0.704     0.753     54.9     19.5     25.6    305
     3.0     5.5  0.826  0.664  0.599    0.696     0.744     54.9     25.4     19.7    260
     3.0     6.0  0.826  0.767  0.327    0.640     0.693     54.9     34.9     10.2    436
     3.0     6.5  0.826  0.811  0.116    0.585     0.767     54.9     43.1      2.0    175
     3.0     7.0  0.826  0.833  0.030    0.563     0.768     54.9     44.7      0.4    192
     3.0     7.5  0.826  0.853  0.000    0.560     0.827     54.9     45.1      0.0     31
     3.5     4.5  0.872  0.340  0.723    0.645     0.783     60.4      9.2     30.4    239
     3.5     5.0  0.872  0.474  0.646    0.664     0.767     60.4     14.0     25.6    305
     3.5     5.5  0.872  0.527  0.599    0.666     0.750     60.4     19.8     19.7    260
     3.5     6.0  0.872  0.630  0.327    0.610     0.698     60.4     29.4     10.2    436
     3.5     6.5  0.872  0.727  0.116    0.572     0.767     60.4     37.6      2.0    175
     3.5     7.0  0.872  0.749  0.030    0.550     0.767     60.4     39.2      0.4    192
     3.5     7.5  0.872  0.780  0.000    0.551     0.825     60.4     39.6      0.0     31
     4.0     5.0  0.867    nan  0.646    0.756     0.793     65.4      9.0     25.6    305
     4.0     5.5  0.867  0.421  0.599    0.629     0.763     65.4     14.9     19.7    260
     4.0     6.0  0.867  0.589  0.327    0.594     0.709     65.4     24.4     10.2    436
     4.0     6.5  0.867  0.711  0.116    0.565     0.770     65.4     32.6      2.0    175
     4.0     7.0  0.867  0.736  0.030    0.544     0.770     65.4     34.2      0.4    192
     4.0     7.5  0.867  0.767  0.000    0.544     0.824     65.4     34.6      0.0     31

=== WINNER, scored once on TEST batches ===
  model                L1 pair more trees
  thresholds           cheap <= 2.0, frontier >= 5.0
  test rows            2,600
  MAE                  0.688
  Spearman             0.856
  tier accuracy        82.2%
  balanced accuracy    81.8%
  cheap recall         83.0%  (n=1388)
  mid recall           81.1%  (n=486)
  frontier recall      81.3%  (n=726)
  under-routed         136 of 726 gold frontier
  traffic split        46.0% cheap / 27.8% mid / 26.2% frontier

=== two-tier comparison, same model ===
  2-tier 4.0/4.5             bal_acc 0.887  front_recall 0.884  under 84/726  traffic 66/4/30
  2-tier 3.5/6.5 (suggested) bal_acc 0.628  front_recall 0.135  under 166/192  traffic 62/36/2

=== caveat on the mid tier ===
  The mid band is where the labeler was least self-consistent: on a 1,000-ticket
  two-labeler overlap, agreement was 5.7% at score 5, the worst of any score.
  A boundary placed in the 3-5 range therefore inherits that noise, which is why
  mid recall is the weakest of the three numbers above.
